ch1
5.188E00
5.219E00
5.188E00
5.156E00
5.219E00
5.219E00
5.156E00
5.219E00
5.188E00
5.219E00
5.188E00
5.188E00
5.156E00
5.188E00
5.156E00
5.188E00
5.188E00
5.188E00
5.188E00
5.156E00
5.188E00
5.094E00
1.000E00
1.250E-01
3.125E-02
6.250E-02
3.125E-02
3.125E-02
3.125E-02
3.125E-02
0.000E00
6.250E-02
3.125E-02
0.000E00
3.125E-02
0.000E00
0.000E00
0.000E00
0.000E00
0.000E00
0.000E00
-3.125E-02
0.000E00
0.000E00
0.000E00
-3.125E-02
-3.125E-02
-3.125E-02
-3.125E-02
-6.250E-02
2.750E00
5.188E00
5.188E00
5.188E00
5.219E00
5.188E00
5.156E00
5.188E00
5.188E00
5.156E00
5.188E00
5.188E00
5.188E00
5.156E00
5.188E00
5.188E00
5.188E00
5.156E00
5.188E00
5.188E00
5.188E00
5.188E00
5.188E00
5.219E00
4.469E00
6.250E-01
1.250E-01
3.125E-02
3.125E-02
6.250E-02
3.125E-02
3.125E-02
0.000E00
3.125E-02
3.125E-02
0.000E00
0.000E00
3.125E-02
3.125E-02
0.000E00
0.000E00
3.125E-02
0.000E00
0.000E00
0.000E00
-3.125E-02
-3.125E-02
0.000E00
-6.250E-02
-3.125E-02

